1111110 0
1111111 0
0010000 0
0010001 0
0111100 0
0111101 0
1111000 0
1111001 0
1100100 0
1100101 0
0111100 0
0111101 0
1010100 0
1010101 0
1111000 0
1111001 0
0101100 0
0101101 0
0111000 0
0111001 0
0111100 0
0111101 0
1011100 0
1011101 0
1111000 0
1111001 0
0100100 0
0100101 0
0011000 0
0011001 0
1111000 0
1111001 0
1010000 0
1010001 0
0100000 0
0100001 0
0010100 1
0010101 0
1001000 0
1001001 0
0010100 0
0010101 0
1111000 0
1111001 0
0100100 0
0100101 0
1001100 0
1001101 0
1111000 0
1111001 0
0000100 0
0000101 0
1111000 0
1111001 0
0011100 0
0011101 0
1001000 0
1001001 0
0111100 0
0111101 0
1010100 0
1010101 0
0111000 1
0111001 0
0010000 0
0010001 0
1111000 0
1111001 0
1011100 0
1011101 0
0100100 0
0100101 0
1010000 0
1010001 0
0100000 0
0100001 0
1111000 0
1111001 0
0000100 0
0000101 0
1001000 1
1001001 0
0010100 0
0010101 0
0111000 0
0111001 0
0000100 0
0000101 0
1111000 0
1111001 0
0100100 0
0100101 0
0111000 0
0111001 0
1111000 0
1111001 0
0100100 0
0100101 0
0100100 0
0100101 0
1010000 0
1010001 0
1111000 0
1111001 0
0001000 0
0001001 0
0111100 0
0111101 0
0110100 0
0110101 0
0001000 1
0001001 0
0000100 0
0000101 0
1100100 0
1100101 0
