00100000000 000000000
01100000000 000000000
10001100010 000000000
11001100010 000000000
00001100010 000000000
01001100010 000000000
00001100010 000000000
01001100010 000000000
00001100010 000000000
01001100010 000000000
00001100010 000000000
01001100010 100001100
00001100010 100001100
01001100010 000001100
00001100010 000001100
01001100010 000001100
00001100010 000001100
01001100010 000001100
10000110111 000001100
11000110111 000001100
00000110111 000001100
01000110111 000001100
00000110111 000001100
01000110111 000001100
00000110111 000001100
01000110111 000001100
00000110111 000001100
01000110111 100010101
