00100000000 000000000 000000000
01100000000 000000000 000000000
10001100010 000000000 000000000
11001100010 000000000 111111111
00001100010 000000000 111111111
01001100010 000000000 111111111
00001100010 000000000 111111111
01001100010 000000000 111111111
00001100010 000000000 111111111
01001100010 000000000 111111111
00001100010 000000000 111111111
01001100010 100001100 111111111
00001100010 100001100 111111111
01001100010 000001100 111111111
00001100010 000001100 111111111
01001100010 000001100 111111111
00001100010 000001100 111111111
01001100010 000001100 111111111
10000110111 000001100 111111111
11000110111 000001100 111111111
00000110111 000001100 111111111
01000110111 000001100 111111111
00000110111 000001100 111111111
01000110111 000001100 111111111
00000110111 000001100 111111111
01000110111 000001100 111111111
00000110111 000001100 111111111
01000110111 100010101 111111111